0 : 7 15 8 2 13 6 3 12 11 0 4 10 9 5 1 14 
 : 1401900097 1401900073 600.000000 52 2.3365e+06 
1 : 14 13 15 7 11 12 9 5 6 0 2 1 4 8 10 3 
 : 1374205829 1374205807 600.000000 53 2.29034e+06 
2 : 13 5 4 10 9 12 8 14 2 3 7 1 0 15 11 6 
 : 1407169538 1407169516 600.000000 52 2.34528e+06 
3 : 14 7 8 2 13 11 10 4 9 12 5 0 3 6 1 15 
 : 1422738292 1422738266 600.000000 48 2.37123e+06 
4 : 5 12 10 7 15 11 14 0 8 2 1 13 3 4 9 6 
 : 1390282218 1390282194 600.000000 53 2.31714e+06 
5 : 4 7 14 13 10 3 9 12 11 5 6 15 1 2 8 0 
 : 1418901150 1418901127 600.000000 49 2.36484e+06 
6 : 14 7 1 9 12 3 6 15 8 11 2 5 10 0 4 13 
 : 1422611406 1422611382 600.000000 50 2.37102e+06 
7 : 2 11 15 5 13 4 6 7 12 8 10 1 9 3 14 0 
 : 1413901858 1413901828 600.000000 51 2.3565e+06 
8 : 12 11 15 3 8 0 4 2 6 13 9 5 14 1 10 7 
 : 1404562188 1404562165 600.000000 51 2.34094e+06 
9 : 3 14 9 11 5 4 8 2 13 12 6 7 10 1 15 0 
 : 1427476383 1427476361 600.000000 47 2.37913e+06 
10 : 13 11 8 9 0 15 7 10 4 3 6 14 5 12 2 1 
 : 1414744188 1414744166 600.000000 52 2.35791e+06 
11 : 5 9 13 14 6 3 7 12 10 8 4 0 15 2 11 1 
 : 1413635395 1413635372 600.000000 53 2.35606e+06 
12 : 14 1 9 6 4 8 12 5 7 2 3 0 10 11 13 15 
 : 1440143814 1440143787 600.000000 47 2.40024e+06 
13 : 3 6 5 2 10 0 15 14 1 4 13 12 9 8 11 7 
 : 1444177008 1444176989 600.000000 50 2.40696e+06 
14 : 7 6 8 1 11 5 14 10 3 4 9 13 15 2 0 12 
 : 1429777512 1429777487 600.000000 53 2.38296e+06 
15 : 13 11 4 12 1 8 9 15 6 5 14 2 7 3 10 0 
 : 1442174940 1442174920 600.000000 51 2.40362e+06 
16 : 1 3 2 5 10 9 15 6 8 14 13 11 12 4 7 0 
 : 134488831 134488811 55.000000 44 2.44525e+06 
17 : 15 14 0 4 11 1 6 13 7 5 8 9 3 2 10 12 
 : 1359483811 1359483786 600.000000 55 2.26581e+06 
